0
2.16338e-05
4.32676e-05
0.000186972
1.52638e-05
-1.39014e-05
0.000267036
-0.000339499
0.00017307
0.000400555
-2.78028e-05
0.000164046
0.000534073
0.0009041
-0.000678998
-0.000308972
6.10554e-05
0.000431082
0.000801109
-0.000781989
-0.000411962
-4.19351e-05
0.000328092
0.000698119
0.00106815
0.00143817
0.0018082
-0.00172802
-0.001358
-0.00098797
-0.000617943
-0.000247916
0.000122111
0.000492138
0.000862164
0.00123219
0.00160222
0.00197224
-0.00156398
-0.00119395
-0.000823924
-0.000453897
-8.38702e-05
0.000286157
0.000656184
-0.00288004
0.00139624
-0.00213998
0.00213629
-0.00139993
0.00287634
-0.000659878
0.00361639
8.01757e-05
-0.00345604
0.000820229
-0.00271599
0.00156028
-0.00197594
0.00230034
-0.00123589
0.00304039
-0.000495832
0.00378044
0.000244222
-0.003292
0.000984275
-0.00255194
0.00172433
-0.00181189
0.00246438
-0.00107184
0.00320443
-0.00098421
0.00394448
0.000408267
-0.00312795
0.00114832
-0.0023879
0.00188837
-0.00164785
0.00262843
-0.000907794
0.00336848
-0.00016774
0.00410852
0.000572313
-0.00296391
0.00131237
0.00558861
-0.00576005
-0.0014838
-0.00338078
0.00706869
-0.00427996
-3.69457e-06
0.00427257
-0.00707608
-0.00279986
0.00147641
0.00575266
-0.005596
-0.00131976
0.00295652
0.00723273
-0.00411591
0.000160351
0.00443661
-0.00691204
-0.00263581
0.00164046
0.0059167
-0.00543196
-0.00115571
0.00312056
0.00739678
-0.00395187
0.000324397
0.00460066
-0.006748
-0.00247177
0.0018045
0.00608074
-0.00526792
-0.000991664
0.00328461
0.00756082
-0.00378782
0.000488443
0.0047647
-0.00658396
-0.00230772
0.00196855
0.00624479
-0.00510387
-0.000827619
0.00344865
0.00772486
-0.00362378
0.000652489
0.00492875
-0.00641991
-0.00214368
0.0021326
0.00640883
-0.00493983
-0.000663573
0.0036127
0.0078889
-0.00345974
0.000816535
0.00509279
-0.00625587
-0.00197963
0.00229664
0.00657287
-0.00477579
-0.000499527
0.00377674
0.00805294
-0.00329569
0.000980581
0.00525683
-0.00609183
-0.00181559
0.00246069
0.00673691
-0.00461174
-0.000335481
0.00394079
0.00821698
-0.00313165
0.00114463
0.00542088
-0.00592778
-0.00165154
0.00262473
0.00690096
0.0111771
0.015453
-0.0115199
-0.00724382
-0.0029676
0.00130867
0.00558492
0.00986107
0.014137
-0.0128359
-0.00855984
-0.00428365
-7.38914e-06
0.00426887
0.00854506
0.0128211
-0.0141518
-0.00987584
-0.0055997
-0.00132345
0.00295282
0.00722904
0.0115051
0.015781
-0.0111918
-0.00691573
-0.00263951
0.00163676
0.00591301
0.0101891
0.0144651
-0.0125078
-0.00823176
-0.00395556
0.000320703
0.00459696
0.00887314
0.0131492
-0.0138237
-0.00954777
-0.00527161
-0.000995359
0.00328091
0.00755712
0.0118332
0.0161091
-0.0108638
-0.00658765
-0.00231142
0.00196485
0.00624109
0.0105172
0.0147931
-0.0121797
-0.00790368
-0.00362747
0.000648794
0.00492505
0.00920122
0.0134772
-0.0134957
-0.00921969
-0.00494352
-0.000667267
0.003609
0.0078852
0.0121613
0.0164371
-0.0105357
-0.00625956
-0.00198333
0.00229295
0.00656918
0.0108453
0.0151212
-0.0118517
-0.0075756
-0.00329938
0.000976886
0.00525314
0.0095293
0.0138053
-0.0131676
-0.00889161
-0.00461544
-0.000339175
0.00393709
0.00821329
0.0124893
-0.0144836
-0.0102076
-0.00593148
-0.00165524
0.00262104
0.00689726
0.0111734
0.0154493
-0.0115236
-0.00724751
-0.00297129
0.00130498
0.00558123
0.00985737
0.0141333
-0.0128396
-0.00856353
-0.00428735
-1.10837e-05
0.00426518
0.00854137
0.0128174
-0.0141555
-0.00987954
-0.00560339
-0.00132715
0.00294913
0.00722535
0.0115014
0.0157773
-0.0111955
-0.00691943
-0.0026432
0.00163307
0.00590931
0.0101854
0.0144614
-0.0125115
-0.00823545
-0.00395926
0.000317008
0.00459327
0.00886945
0.0131455
-0.0138274
-0.00955146
-0.00527531
-0.000999053
0.00327722
0.00755343
0.0118295
0.0161054
-0.0108675
-0.00659134
-0.00231511
0.00196116
0.0062374
0.0105135
0.0147895
-0.0121834
-0.00790737
-0.00363117
0.0006451
0.00492136
0.00919752
0.0134735
-0.0134994
-0.00922338
-0.00494722
-0.000670962
0.00360531
0.00788151
0.0121576
0.0164334
-0.0105394
-0.00626326
-0.00198702
0.00228925
0.00656548
0.0108416
0.0151175
-0.0118554
0.0236684
-0.00330308
0.0322176
0.00524944
-0.0217225
0.0138016
-0.0131713
0.0223527
-0.00461913
0.0309022
0.0039334
-0.0230383
0.0124856
-0.0144873
0.021037
-0.00593517
0.0295867
0.00261734
-0.024354
0.0111697
-0.0158032
0.0197212
-0.00725121
0.0282712
0.00130128
-0.0256696
0.00985368
-0.0171191
0.0184054
-0.00856723
0.0269557
-1.47783e-05
-0.0269852
0.00853767
-0.0184349
0.0170895
-0.00988323
0.0256401
-0.00133084
-0.0283008
0.00722165
-0.0197507
0.0157736
-0.0111992
0.0243244
-0.0026469
-0.0296163
0.00590562
-0.0210665
0.0144577
-0.0125152
0.0230087
-0.00396295
0.0315581
0.00458957
-0.0223823
0.0131418
-0.0138311
0.021693
-0.005279
0.0302426
0.00327352
-0.023698
0.0118258
-0.0151471
0.0203772
-0.00659504
0.0289272
0.00195747
-0.0250136
0.0105098
-0.016463
0.0190614
-0.00791107
0.0276116
0.000641405
-0.0263293
0.00919383
-0.0177788
0.0177456
-0.00922708
0.026296
-0.000674656
-0.0276449
0.00787782
-0.0190947
0.0164297
-0.0105431
0.0249804
-0.00199072
-0.0289604
0.00656179
-0.0204105
0.0151138
-0.0118591
0.0236647
-0.00330677
0.0322139
0.00524575
-0.0217262
0.0137979
-0.013175
0.022349
-0.00462282
0.0308985
0.0039297
-0.023042
0.0124819
-0.0144909
0.0210333
-0.00593887
0.0295831
0.00261365
-0.0243577
0.011166
-0.0158069
0.0197175
-0.0072549
0.0282675
0.00129759
-0.0256733
0.00984998
-0.0171227
0.0184017
-0.00857092
0.026952
-1.84729e-05
-0.0269889
0.00853398
-0.0184386
0.0170858
-0.00988693
0.0256364
-0.00133453
-0.0283045
0.00721796
-0.0197544
0.0157699
-0.0112029
0.0243207
-0.00265059
0.0328698
0.00590192
-0.0210702
0.014454
-0.0125189
0.023005
-0.00396665
0.0315544
0.00458588
-0.022386
0.0131381
-0.0138348
0.0216893
-0.00528269
0.0302389
0.00326983
-0.0237017
0.0118221
-0.0151508
0.0203735
-0.00659873
0.0289235
0.00195377
-0.0250173
0.0105061
-0.0164667
0.0190577
-0.00791476
0.0276079
0.000637711
-0.026333
0.00919013
-0.0177825
0.0177419
-0.00923077
0.0262923
-0.000678351
-0.0276485
0.00787412
-0.0190984
0.016426
-0.0105468
0.0249767
-0.00199441
-0.0289641
0.00655809
-0.0204142
0.0151101
-0.0118628
0.023661
-0.00331047
0.0322102
0.00524206
-0.0217299
0.0137942
-0.0131787
0.0223453
-0.00462652
0.0308948
0.00392601
-0.0230457
0.0124782
-0.0144946
0.0210296
-0.00594256
0.0295794
0.00260995
-0.0243614
0.0111623
-0.0158106
0.0197138
-0.0072586
0.0282639
0.00129389
-0.025677
0.00984629
-0.0171264
0.018398
-0.00857462
0.0269483
-2.21674e-05
-0.0269926
0.00853028
-0.0184423
0.0170821
-0.00989062
0.0256327
-0.00133823
-0.0283082
0.00721426
-0.0197581
0.0157662
-0.0112066
0.024317
-0.00265429
0.0328661
0.00589823
-0.0210739
0.0144503
-0.0125226
0.0230013
-0.00397034
0.0315507
0.00458219
-0.0223897
0.0131344
-0.0138385
0.0216856
-0.00528639
0.0302353
0.00326613
-0.0237054
0.0118184
-0.0151544
0.0203698
-0.00660243
0.0289198
0.00195008
-0.025021
0.0105024
-0.0164703
0.019054
-0.00791845
0.0276042
0.000634016
-0.0263367
0.00918644
-0.0177862
0.0177382
-0.00923447
0.0262886
-0.000682046
-0.0276522
0.00787043
-0.0191021
0.0164223
-0.0105505
0.024973
-0.00199811
0.0335219
0.0065544
-0.0204179
0.0151064
-0.0118664
0.0236573
-0.00331416
0.0322065
0.00523836
-0.0217336
0.0137905
-0.0131824
0.0223416
-0.00463021
0.0308911
0.00392231
-0.0230494
0.0124746
-0.0144983
0.0210259
-0.00594626
0.0295757
0.00260626
-0.0243651
0.0111586
-0.0158142
0.0197101
-0.00726229
0.0282602
0.0012902
-0.0256807
0.00984259
-0.0171301
0.0183943
-0.00857831
0.0269446
-2.5862e-05
-0.0269963
0.00852659
-0.018446
0.0170784
-0.00989432
0.025629
-0.00134192
-0.0283119
0.00721057
-0.0197618
0.0157625
-0.0112103
0.0243133
-0.00265798
0.0328624
0.00589453
-0.0210776
0.0144466
-0.0125263
0.0229976
-0.00397404
0.031547
0.00457849
-0.0223933
0.0131307
-0.0138422
0.0216819
-0.00529008
0.0302316
0.00326244
-0.0237091
0.0118147
0.0473236
-0.04212
-0.00660612
0.0289161
0.0644018
-0.0250247
0.0104987
0.046009
-0.0434348
-0.00792215
0.0276005
0.0630884
-0.0263404
0.00918275
0.0446943
-0.0447496
-0.00923816
0.026285
0.0617749
-0.0276559
0.00786673
0.0433795
-0.0460643
-0.0105542
0.0249693
0.0604613
-0.0289715
0.00655071
0.0420646
-0.0473789
-0.0118701
0.0236537
0.0591476
-0.030287
0.00523467
0.0407497
-0.0486935
-0.0131861
0.0223379
0.0578338
-0.0316024
0.00391862
0.0394347
-0.050008
-0.014502
0.0210222
0.0565199
-0.0329178
0.00260256
0.0381196
-0.0513223
-0.0158179
0.0197064
0.0552059
-0.0342331
0.0012865
0.0368045
-0.0526366
-0.0171338
0.0183906
0.0538918
-0.0355483
-2.95566e-05
0.0354893
-0.0539508
-0.0184497
0.0170747
0.0525776
-0.0368635
-0.00134562
0.034174
-0.0552649
-0.0197655
0.0157588
0.0512633
-0.0381787
-0.00266168
0.0328587
-0.0565789
-0.0210813
0.0144429
0.0499489
-0.0394937
-0.00397773
0.0315433
-0.0578928
-0.022397
0.013127
0.0486345
-0.0408087
-0.00529378
0.0302279
-0.0592066
-0.0237128
0.011811
0.0473199
-0.0421237
-0.00660982
0.0289124
0.0643981
-0.0250284
0.010495
0.0460053
-0.0434385
-0.00792584
0.0275968
0.0630847
-0.026344
0.00917905
0.0446906
-0.0447533
-0.00924186
0.0262813
0.0617712
-0.0276596
0.00786304
0.0433758
-0.046068
-0.0105579
0.0249656
0.0604576
-0.0289752
0.00654701
0.0420609
-0.0473826
-0.0118738
0.02365
0.0591439
-0.0302906
0.00523097
0.040746
-0.0486972
-0.0131898
0.0223342
0.0578301
-0.0316061
0.00391492
0.039431
-0.0500116
-0.0145057
0.0210185
0.0565162
-0.0329215
0.00259887
0.0381159
-0.051326
-0.0158216
0.0197027
0.0552022
-0.0342368
0.00128281
0.0368008
-0.0526403
-0.0171375
0.0183869
0.0538881
-0.035552
-3.32511e-05
0.0354856
-0.0539545
-0.0184534
0.017071
0.0525739
-0.0368672
-0.00134931
0.0341703
-0.0552686
-0.0197692
0.0157551
0.0512596
-0.0381824
-0.00266537
0.032855
-0.0565826
-0.021085
0.0144392
0.0499452
-0.0394974
-0.00398143
0.0315396
-0.0578965
0.0576803
0.0131233
0.0486308
-0.0408124
-0.00529747
0.0302242
0.0657077
-0.0237164
0.0118073
0.0473162
-0.0421274
-0.00661351
0.0289087
0.0643944
-0.0250321
0.0104914
0.0460016
-0.0434422
-0.00792954
0.0275932
-0.0204668
-0.0263477
0.00917536
0.0446869
-0.044757
-0.00924555
0.0262776
0.0617675
-0.0276633
0.00785934
0.0433721
-0.0460717
-0.0105615
0.0249619
0.0604539
-0.0289789
0.00654332
0.0420572
-0.0473863
0.0240079
0.0236463
0.0591402
-0.0302943
0.00522728
0.0407423
-0.0487009
-0.0131935
0.0223306
0.0578264
-0.0316098
0.00391123
0.0394273
-0.0500153
-0.0145094
0.0210148
0.0565125
-0.0329251
0.00259517
0.0381122
-0.0513297
-0.0158253
0.019699
0.0551985
-0.0342405
0.00127912
0.0367971
-0.052644
-0.0171412
0.0183832
0.0538844
-0.0355557
-3.69457e-05
0.0354819
-0.0539582
-0.0184571
0.0170673
0.0525702
-0.0368709
-0.00135301
0.0341666
-0.0552723
-0.0197729
0.0157514
0.0512559
-0.0381861
-0.00266907
0.0328513
-4.87655
2.24859
2.24929
2.24999
2.25069
2.25138
2.25206
2.25275
2.25342
